\	PC1	PC2	PC3	PC4	PC5	PC6	PC7	PC8	PC9	PC10	PC11	PC12	PC13	PC14	PC15	PC16	PC17	PC18	PC19	PC20	
A	0.2406638474208539	5.659693734212386	16.599203076407207	1.3097949561732751	3.358756553625093	1.9574310258597403	-3.6569027228538564	-0.6627086148590959	3.5448467293745547	-2.280155512562305	0.8253850829417302	1.695619107454516	1.870994793121197	1.79562027884007	4.624794939509463	4.865165649995168	2.5487151545951714	-2.44803325619831	-0.7211200028377431	1.2490009027033011e-15
R	-8.175186369473584	-15.780858051446078	-1.1126192621774158	0.42448908547521635	-8.777147893560981	-8.281651787808496	-3.224049923041015	-5.524673141417399	-2.2218510939440286	-5.846545601385119	5.480146085485679	-2.2087679573024923	-2.2867795277902765	0.0771699529600769	1.522191809507501	-0.27950208838485924	-0.02562957115011172	0.031931691758257386	-0.3770306938559501	1.7208456881689926e-15
N	-15.225239891019054	-0.04793258958002222	-4.12487835267321	-5.722295080397379	-1.9431521714500444	3.1604092225397378	2.6256212266098085	5.522366181432284	-0.12654664349426703	4.78849557817708	2.0699480796290572	-2.1408222208405734	-4.79814275779562	-3.7267342942890305	4.803544704453188	0.49460722924827655	-1.1341017129962798	-1.922628739772703	1.9634293264484683	-2.0816681711721685e-15
D	-18.353467989973893	-2.93403463257732	-0.03834309007236214	-2.013035982306185	5.910450550347389	5.475429725958881	9.028241483968328	-1.4021128977046815	-2.0490134963281372	-1.371099782854476	1.2736482171067935	-1.473622820370004	-3.2876774639407826	5.744850091534577	-2.7722501383094955	0.3391958641774995	3.1253733626336357	-0.09577349311651387	0.09627477426957093	3.975986206938842e-15
C	8.222843193809995	8.19482181640959	-7.137235317852003	-14.957017737863605	10.512318402717234	-8.495575154730737	-1.8124387957732022	-5.003456069715567	-1.3075950043221165	4.163105167810073	2.460438644042316	0.5891767020791905	1.315586665008413	-0.40010247542693245	-0.7680497343338342	0.5231489915952467	0.03751854404918098	-0.6456117482416497	-0.5726639341136373	0.0
Q	-7.867675634628628	-9.07602717923578	1.8276801249103078	-0.3515709671485792	1.470355194253714	-2.4901219979030467	-1.1344037146180173	0.4465658558487328	0.46278151793724265	0.36051351327211123	-5.9243707483929615	-3.653867293574851	2.1647956341278416	-4.825405123361864	-0.709751389500543	-1.6704381746659844	6.5872307439759075	0.5760003218306609	0.07661839025463624	-4.163336342344337e-17
E	-12.058054880866345	-11.669599326113389	11.278427001230806	2.8029109090065645	8.313613574599765	3.5150335889209505	4.805804948786771	-3.305696675390368	-2.664434406210718	-1.1018335010043083	-0.0794993617982716	2.424950721500157	3.4836634582423276	-4.023734016649653	0.44138029313676946	-1.0866215419805272	-4.779480704682549	0.7827811900830008	-0.4209094265947456	3.2751579226442118e-15
G	-16.40490118780161	21.593461636504664	1.4058083342047107	-5.2768899540493805	-8.113453005934895	9.225328286159453	-5.809173297759749	-4.2535103806851025	-3.6831056401883933	-1.8804761670436703	-1.3964992311786872	0.4007734563415295	0.452050713500746	-1.1799294926099566	-1.8042489361243645	-1.4981999693644688	-0.4073697030484208	0.031239850280443765	0.0196417892497317	2.3592239273284576e-15
H	-0.3293056231310257	-8.348482503523805	-4.903228442934663	-4.58699609658535	0.9373596019507695	0.7175895985637489	-4.271917130801596	9.329191924688194	-3.1121855340624065	-2.997317102007748	1.7984550610308951	8.193618852240736	1.112197132213998	0.9434686249646196	-0.6188479041152897	-1.7971791903308216	1.4340728018666433	0.28628648289049935	-0.487607435724567	-3.469446951953614e-15
I	20.67412975580203	5.8657128585133105	2.775330928510423	3.8193511673585436	-2.7603049516501112	-2.0094966394725353	4.013843713299464	0.009658360646246644	-3.9094917073578164	1.2515059014515764	-3.5142479145712002	1.4236211976619584	-4.8796159566295545	-0.7123666242816055	1.5021569534440742	-0.8151257520368437	0.06547110269182133	-0.2148355943781365	-5.449729763548056	7.28583859910259e-16
L	17.902498302961092	3.2666672048004974	11.474198681825074	6.58229890863799	-1.4027275618621136	1.898709231658847	-0.40278169709883277	0.8865619205386844	1.6335919603390323	4.8104118963137	7.286483914048565	-1.8597715772739511	1.3991502513455625	0.3290423275701284	-1.735625814343793	-5.251219036598101	1.3216070571537215	-0.9030437337605369	0.62467795663117	4.163336342344337e-15
K	-11.693940511387956	-13.413683614641112	5.794685498068575	1.7220399377813258	-6.102149735719841	-2.0258015986571536	-4.588978122511412	-1.1381017632844292	1.0363142137598507	8.918282687002746	-3.3868899262497774	2.445482415862763	-1.0078157135086252	2.769159117939955	-3.150319415584049	2.5321809625838085	-1.6420093789712924	-0.006485944536310295	0.1488680541063785	3.913536161803677e-15
M	16.17483052820212	-4.760543431233141	3.178061357967641	-2.2992528102210787	6.945059549890809	1.9684904609094511	-7.026278908301166	3.450159780310652	-1.6438627376419053	-2.9283763870146666	-4.051557767069797	-6.848073056941346	-1.6950582237686502	3.18707850382178	0.2659485302106545	-1.2648816668568494	-3.373258813794028	0.10823590046473375	0.9421590329233243	-2.1649348980190553e-15
F	19.441052215722642	-0.46427598198954373	-3.988159402687444	2.5372819350191813	-1.1799767423052896	4.132039528346385	0.6080239521216959	2.4067175076814356	-1.223161025621667	-1.330460615103343	3.4614970272298073	-2.153509295118911	0.037676860194770456	-3.863847297416191	-4.491291473786371	6.610581963399908	0.024105331442952814	1.5906264303244502	0.073048641709962	-3.885780586188048e-16
P	-16.81670112171998	11.21975995148216	-14.556461364270218	19.034938348204157	7.438403478086169	-3.7808532771141317	-3.754224482353603	0.07407835444766087	-0.7941886462122639	0.6180717612091319	0.3067132117872006	0.31894176681861314	-0.3293045608654699	0.20116264246858695	0.5042517432074687	0.12364250949282068	-0.23822718054431277	-0.1354939854041082	0.3348737074322754	-2.55351295663786e-15
S	-12.651824913994753	8.064252481497563	1.3620238910507732	-3.4268749231593474	-2.2449411844976552	-2.8830006291924533	1.7999401599018934	3.4161538904420232	6.239889761498347	0.09914727935834777	1.1097056794879963	-1.9040513259347032	1.689106545074336	1.4532692426419704	1.4691762680412208	-0.26213034855513717	-1.1725897936370628	6.233164139577993	-1.9478319315839676	-6.38378239159465e-16
T	-4.930504019551637	6.012165420510977	0.1854928567421288	-1.4234588213812687	-2.6769930771462227	-6.243154450671227	4.131398732169473	2.721984911886356	7.104243302245875	-4.665510539636543	-2.080577399036999	0.2796543158444461	0.002984662431249785	-1.003472547874057	-4.097677300296518	-0.8053382420499724	-2.424200459969651	-4.37007859119584	-0.11824304499427181	8.881784197001252e-16
W	17.59470199016314	-8.797000906059104	-13.159774295727518	-0.09629552052012234	0.8996852240716224	8.598417612228545	-0.872522356423141	-6.083014409914432	8.029039967062765	-0.7690225976346533	-1.2250784520169375	3.348495736493052	-2.3386735948706443	-0.3865847812523214	1.3529747627705404	-1.4446261527764068	0.2948508657382144	0.7439520492228433	0.6150806290716437	-1.9984014443252818e-15
Y	8.306170853151373	-3.2964477117208064	-12.99487846751143	0.3899788285278913	-7.434442094319719	1.957701169129813	4.84080939299277	0.18729583352395449	-2.677191106407354	1.424913509046582	-1.453146271385743	-2.3216947034861177	8.107274492161164	2.9688959980363836	2.527096141332997	0.48983678311988976	-0.6154893575825898	-1.805926680824434	-0.30773719312201997	-7.577272143066693e-15
V	15.949911456315215	8.712350824188947	6.134666244988615	1.5306038174481564	-3.1507137110956958	-6.396923914725763	4.699987541685391	-1.0774605684751495	-2.638080410426591	-1.2636494873945137	-2.9605539310896676	3.4438459785459843	-1.012413408251985	0.6524598723834689	1.1345459607803783	0.19690220998735486	0.3734117122290491	2.1636937109956587	5.5082011242778	9.992007221626409e-16
